A	1	A	0	0	0	0	0	0	0	0	6.875	8.875	1
A	1	G	1.18417992	0.121193340282277	0.23570508	0.0494657136791451	0	0	0.6999762	0.0494817109496009	6.875	8.875	1
A	1	C	0	0	0	0	0	0	0	0	6.875	8.875	1
A	1	T	0	0	0	0	0	0	0	0	6.875	8.875	1
A	2	A	0	0	0	0	0	0	0	0	6.500	8.500	2
A	2	G	1.62806808	0.17491240292605	0	0	0.72918288	0.0263976576081984	1.86626682	0.0224557922537572	6.500	8.500	2
A	2	C	0	0	0	0	0	0	0	0	6.500	8.500	2
A	2	T	0	0	0	0	0	0	0	0	6.500	8.500	2
A	3	A	0	0	0	0	0	0	0	0	6.125	8.875	3
A	3	G	1.45204404	0.0783201038447842	0	0	0.25643832	0.0494991544165474	2.5433664	0.00914546169989507	6.125	8.875	3
A	3	C	1.0289058	0.0919429358839264	0	0	0	0	1.21653912	0.342556283763402	6.125	8.875	3
A	3	T	0	0	0	0	0	0	0	0	6.125	8.875	3
A	4	A	1.55018082	0.0997670452405675	0	0	0.0929076	0.038689407540395	2.05046406	0.0118929955787667	5.750	8.500	4
A	4	G	0.93965112	0.116306315901587	0	0	0.44373804	0.00498064128105853	2.5600881	0.0262831267408336	5.750	8.500	4
A	4	C	0	0	0	0	0	0	0	0	5.750	8.500	4
A	4	T	0	0	0	0	0	0	0	0	5.750	8.500	4
A	5	A	0	0	0	0	0	0	0	0	5.375	8.875	5
A	5	G	0	0	0	0	0	0	0	0	5.375	8.875	5
A	5	C	0	0	0	0	0	0	0	0	5.375	8.875	5
A	5	T	1.35087984	0.195072109448313	0	0	0.4294683	0.00897174482959511	1.91699904	0.0301797647222609	5.375	8.875	5
A	6	A	0	0	0	0	0	0	0	0	5.000	8.500	6
A	6	G	0.79158276	0.122658406557515	0.08949654	0.046500792097661	0	0	0.54612822	0.0465006184811325	5.000	8.500	6
A	6	C	0	0	0	0	0	0	0	0	5.000	8.500	6
A	6	T	0	0	0	0	0	0	0	0	5.000	8.500	6
A	7	A	0	0	0	0	0	0	0	0	4.625	8.875	7
A	7	G	0	0	0	0	0	0	0	0	4.625	8.875	7
A	7	C	0	0	0	0	0	0	0	0	4.625	8.875	7
A	7	T	0	0	0.01593774	0.0476190476190476	0	0	0	0	4.625	8.875	7
A	8	A	0.6015225	0.0847833622183709	0	0	0.44940924	0.0175370226032736	1.46748138	0.0146797228868417	4.625	7.375	8
A	8	G	0.8108982	0.00248894374164353	0.06753732	0.0295134601136083	0	0	0.50112558	0.0295072145389186	4.625	7.375	8
A	8	C	0	0	0	0	0	0	0	0	4.625	7.375	8
A	8	T	0	0	0	0	0	0	0	0	4.625	7.375	8
A	9	A	0	0	0	0	0	0	0	0	5.000	7.000	9
A	9	G	0	0	0.00547938	0.0502283105022831	0	0	0	0	5.000	7.000	9
A	9	C	0	0	0	0	0	0	0	0	5.000	7.000	9
A	9	T	0	0	0	0	0	0	0	0	5.000	7.000	9
A	10	A	0	0	0	0	0	0	0	0	2.375	3.500	10
A	10	G	0	0	0	0	0	0	0	0	2.375	3.500	10
A	10	C	0.56080662	0.0755468970747885	0.02847276	0.0714704159343878	0	0	0.00526254	0.0713153724247227	2.375	3.500	10
A	10	T	0	0	0	0	0	0	0	0	2.375	3.500	10
A	11	A	0	0	0	0	0	0	0	0	2.750	3.875	11
A	11	G	0	0	0	0	0	0	0	0	2.750	3.875	11
A	11	C	0	0	0	0	0.2489907	0.024116563389717	0	0	2.750	3.875	11
A	11	T	0.96275292	0.118435870337324	0	0	0.27733002	0.0359065347487445	0.91101156	0.030878664152187	2.750	3.875	11
A	12	A	0	0	0	0	0	0	0	0	2.375	4.250	12
A	12	G	0	0	0	0	0	0	0	0	2.375	4.250	12
A	12	C	0.51133374	0.0776369656342255	0	0	0.14675064	0.064105478517845	0.33752814	0.0391885547676114	2.375	4.250	12
A	12	T	0	0	0	0	0	0	0	0	2.375	4.250	12
A	13	A	0	0	0.01667166	0.0475237618809405	0	0	0	0	2.750	4.625	13
A	13	G	0	0	0	0	0	0	0	0	2.750	4.625	13
A	13	C	0	0	0	0	0	0	0	0	2.750	4.625	13
A	13	T	0	0	0	0	0	0	0	0	2.750	4.625	13
A	14	A	0	0	0	0	0	0	0	0	2.500	5.125	14
A	14	G	0.05239188	0.055396370582617	0	0	0.1689684	0.031243830207305	0.30577776	0.0333296967052149	2.500	5.125	14
A	14	C	0	0	0	0	0	0	0	0	2.500	5.125	14
A	14	T	0	0	0	0	0	0	0	0	2.500	5.125	14
A	15	A	3.21297666	1	2.27343396	1	0	0	0	0	3.250	5.875	15
A	15	G	0	0	0	0	0	0	0	0	3.250	5.875	15
A	15	C	0	0	0	0	0	0	0	0	3.250	5.875	15
A	15	T	0.01412796	0.0348288075560803	0	0	0.19296258	0.0427021653628387	0.26652138	0.0273805426041243	3.250	5.875	15
A	16	A	0	0	0	0	0	0	0	0	2.875	6.250	16
A	16	G	0	0	0	0	0	0	0	0	2.875	6.250	16
A	16	C	0	0	0	0	0.2906907	0.735762444412566	0	0	2.875	6.250	16
A	16	T	1.57992126	0.109607842102207	0.29796318	0.0563439415568058	0	0	1.09004634	0.0563499896710813	2.875	6.250	16
A	17	A	0	0	0	0	0	0	0	0	2.500	6.625	17
A	17	G	0	0	0.01792266	0.0474639367147511	0	0	0	0	2.500	6.625	17
A	17	C	0	0	0	0	0	0	0	0	2.500	6.625	17
A	17	T	0	0	0	0	0	0	0	0	2.500	6.625	17
A	18	A	0	0	0	0	0	0	0	0	1.750	7.375	18
A	18	G	0	0	0.01649652	0.0475227502527806	0	0	0	0	1.750	7.375	18
A	18	C	0	0	0	0	0	0	0	0	1.750	7.375	18
A	18	T	0	0	0	0	0	0	0	0	1.750	7.375	18
A	19	A	0	0	0	0	0	0	0	0	1.375	7.000	19
A	19	G	0	0	0	0	0	0	0	0	1.375	7.000	19
A	19	C	0	0	0	0	0	0	0	0	1.375	7.000	19
A	19	T	0.5803806	0.0782296306940652	0.378219	0.0777067254685777	0	0	0.18305466	0.0777256367032667	1.375	7.000	19
A	20	A	0	0	0.01703862	0.0474791972589329	0	0	0	0	1.000	6.625	20
A	20	G	0	0	0	0	0	0	0	0	1.000	6.625	20
A	20	C	0	0	0	0	0	0	0	0	1.000	6.625	20
A	20	T	0	0	0	0	0	0	0	0	1.000	6.625	20
A	21	A	0	0	0	0	0	0	0	0	1.000	5.125	21
A	21	G	0.23328648	0.0640640640640641	0	0	0.06375096	0.0177917320774464	0.38667576	0.0395565524976275	1.000	5.125	21
A	21	C	0	0	0	0	0	0	0	0	1.000	5.125	21
A	21	T	0	0	0	0	0	0	0	0	1.000	5.125	21
A	22	A	0.66191244	0.0994506463725021	0	0	0.6489771	0.102807941913513	1.06363356	0.019218404503897	1.500	4.625	22
A	22	G	0	0	0	0	0	0	0	0	1.500	4.625	22
A	22	C	0	0	0	0	0	0	0	0	1.500	4.625	22
A	22	T	0	0	0	0	0	0	0	0	1.500	4.625	22
A	23	A	0	0	0	0	0	0	0	0	1.125	4.250	23
A	23	G	0.56080662	0.0755468970747885	0.05564448	0.0729916067146283	0	0	0.01567086	0.0729111229377328	1.125	4.250	23
A	23	C	0	0	0	0	0	0	0	0	1.125	4.250	23
A	23	T	0	0	0	0	0	0	0	0	1.125	4.250	23
A	24	A	0	0	0	0	0	0	0	0	1.500	3.875	24
A	24	G	0	0	0	0	0	0	0	0	1.500	3.875	24
A	24	C	0.20181966	0.0571511219471879	0	0	0.16055334	0.0575035063113604	0.30764592	0.0235577965734114	1.500	3.875	24
A	24	T	2.09357352	0.0129865991044824	0.48652224	0.165043883708173	0	0	0.44800812	0.165047097807067	1.500	3.875	24
A	25	A	0	0	0	0	0.59690214	0.021363401377653	0	0	1.125	3.500	25
A	25	G	0.64277214	0.0955612357436649	0.02658792	0.0260351317440402	0	0	0.36613434	0.0261269674950457	1.125	3.500	25
A	25	C	0	0	0	0	0	0	0	0	1.125	3.500	25
A	25	T	0	0	0	0	0	0	0	0	1.125	3.500	25
A	26	A	0	0	0	0	0	0	0	0	1.500	3.125	26
A	26	G	0	0	0	0	0	0	0	0	1.500	3.125	26
A	26	C	1.01702964	0.095452085349253	0.25963254	0.0136841090874048	0	0	1.17526446	0.0136816185184397	1.500	3.125	26
A	26	T	0.5909724	0.0333333333333333	0	0	0	0	0.81805392	0.220822118913629	1.500	3.125	26
A	27	A	0	0	0	0	0	0	0	0	1.125	2.750	27
A	27	G	0	0	0	0	0.21003456	0.315398665819568	0	0	1.125	2.750	27
A	27	C	0.59671032	0.108836026164253	0	0	0	0	1.68687342	0.324607070991729	1.125	2.750	27
A	27	T	0	0	0	0	0	0	0	0	1.125	2.750	27
A	28	A	0	0	0	0	0	0	0	0	1.500	2.375	28
A	28	G	0	0	0	0	0	0	0	0	1.500	2.375	28
A	28	C	1.06632738	0.126047068209015	0	0	0.59716068	0.00717857043099355	1.50118332	0.0475171946354959	1.500	2.375	28
A	28	T	1.71350304	0.05937037613893	0.42287136	0.00500946670874093	0	0	3.00939726	0.00500223091184711	1.500	2.375	28
A	29	A	0	0	0	0	0	0	0	0	1.125	2.000	29
A	29	G	0	0	0	0	0.15351438	0.0461237572662574	0.41146224	0.019134100859413	1.125	2.000	29
A	29	C	0	0	0	0	0	0	0	0	1.125	2.000	29
A	29	T	0	0	0	0	0	0	0	0	1.125	2.000	29
A	30	A	0	0	0	0	0	0	0	0	1.500	1.625	30
A	30	G	0	0	0	0	0	0	0	0	1.500	1.625	30
A	30	C	1.27425192	0.08124329135796	0	0	0.52438584	0.288059036834404	0.50512044	0.0182775814813592	1.500	1.625	30
A	30	T	1.57341606	0.154559284211196	0	0	0	0	1.45133514	0.354635360100218	1.500	1.625	30
A	31	A	0	0	0	0	0	0	0	0	1.125	1.250	31
A	31	G	0	0	0	0	0	0	0	0	1.125	1.250	31
A	31	C	0	0	0	0	0	0	0	0	1.125	1.250	31
A	31	T	1.20053466	0.152303940979097	0	0	0.42439758	0.056949712107218	0.34929588	0.0456281934960126	1.125	1.250	31
A	32	A	0	0	0	0	0	0	0	0	0.625	0.750	32
A	32	G	0	0	0	0	0	0	0	0	0.625	0.750	32
A	32	C	0	0	0	0	0	0	0	0	0.625	0.750	32
A	32	T	0	0	0	0	0.0507489	0.0502875924404273	0.00989958	0.0345408593091828	0.625	0.750	32
A	33	A	1.1599689	0.11349893949743	0	0	0.04346808	0.203952417498081	0	0	1.000	0.375	33
A	33	G	0	0	0	0	0	0	0	0	1.000	0.375	33
A	33	C	0.38767656	0.0530074864469495	0	0	0.11369922	0.0211252108853517	0	0	1.000	0.375	33
A	33	T	0.57801204	0.072576688886965	0	0	0.01312716	0.0660736975857687	0	0	1.000	0.375	33
A	34	A	0	0	0	0	0	0	0	0	1.375	0.000	34
A	34	G	2.08990392	0.270655418455792	0	0	0.10841166	0.251634741133933	0	0	1.375	0.000	34
A	34	C	0	0	0	0	0	0	0	0	1.375	0.000	34
A	34	T	0	0	0	0	0	0	0	0	1.375	0.000	34
A	35	A	0	0	0	0	0	0	0	0	1.750	-0.375	35
A	35	G	0	0	0	0	0	0	0	0	1.750	-0.375	35
A	35	C	1.8368433	0.2	0	0	0.09316614	0.201056306507922	0	0	1.750	-0.375	35
A	35	T	0	0	0	0	0	0	0	0	1.750	-0.375	35
A	36	A	0.34513422	0.0713819684411473	0	0	0.10151448	0.0455142951035163	0	0	2.125	0.000	36
A	36	G	0	0	0	0	0	0	0	0	2.125	0.000	36
A	36	C	0	0	0	0	0	0	0	0	2.125	0.000	36
A	36	T	0	0	0	0	0	0	0	0	2.125	0.000	36
A	37	A	0	0	0	0	0	0	0	0	2.500	0.375	37
A	37	G	0	0	0	0	0	0	0	0	2.500	0.375	37
A	37	C	1.57665198	0.00493528064449581	0.09302436	0.0429442352519276	0	0	0	0	2.500	0.375	37
A	37	T	2.23162554	0.25471913177692	0	0	0.08161524	0.0979971387696709	0.24475398	0.0315534807646437	2.500	0.375	37
A	38	A	2.41935894	0.338066330909956	0	0	0	0	1.30072308	0.659173388389479	2.875	0.750	38
A	38	G	1.15840932	0.0618871402036026	0	0	0.64152114	0.300321108669934	1.08104748	0.00801561463331842	2.875	0.750	38
A	38	C	0	0	0	0	0	0	0	0	2.875	0.750	38
A	38	T	0	0	0	0	0	0	0	0	2.875	0.750	38
A	39	A	0	0	0	0	0	0	0	0	2.375	1.250	39
A	39	G	0	0	0	0	0	0	0	0	2.375	1.250	39
A	39	C	0	0	0	0	0.12736014	0.0316285770414511	0.40420644	0.0281228077415095	2.375	1.250	39
A	39	T	0	0	0	0	2.09114658	0.378655722928806	0	0	2.375	1.250	39
A	40	A	1.71350304	0.05937037613893	0.42324666	0.00514295848194053	0	0	3.02196564	0.00514425438669117	2.750	1.625	40
A	40	G	1.06632738	0.126047068209015	0	0	0.59119758	0.0081820361984567	1.49738862	0.0424299471435812	2.750	1.625	40
A	40	C	0	0	0	0	0	0	0	0	2.750	1.625	40
A	40	T	0	0	0	0	0	0	0	0	2.750	1.625	40
A	41	A	0	0	0	0	0	0	0	0	2.375	2.000	41
A	41	G	0.48653058	0.10033083634743	0	0	0	0	1.52120766	0.333258406021963	2.375	2.000	41
A	41	C	0	0	0	0	0.11399112	0.269095697980685	0	0	2.375	2.000	41
A	41	T	0	0	0	0	0	0	0	0	2.375	2.000	41
A	42	A	0.84090552	0.0410996945292974	0	0	0	0	1.24430298	0.189822851665918	2.750	2.375	42
A	42	G	0.82373346	0.0787190312749952	0.17855106	0.0110234013732542	0	0	1.49034966	0.0110129323611212	2.750	2.375	42
A	42	C	0	0	0	0	0	0	0	0	2.750	2.375	42
A	42	T	0	0	0	0	0	0	0	0	2.750	2.375	42
A	43	A	0.42966012	0.0866493264490081	0.00107586	0.0232558139534884	0	0	0.76230102	0.0236753717055239	2.375	2.750	43
A	43	G	0	0	0	0	0	0	0	0	2.375	2.750	43
A	43	C	0	0	0	0	0	0	0	0	2.375	2.750	43
A	43	T	0	0	0	0	0	0	0	0	2.375	2.750	43
A	44	A	0	0	0	0	0	0	0	0	4.250	3.875	44
A	44	G	0.45015984	0.0715503186601453	0.32589384	0.0721670590643873	0	0	0.19343796	0.0721307234629645	4.250	3.875	44
A	44	C	0	0	0	0	0	0	0	0	4.250	3.875	44
A	44	T	0	0	0	0	0	0	0	0	4.250	3.875	44
A	45	A	0	0	0	0	0	0	0	0	3.875	4.250	45
A	45	G	0.0902388	0.056007393715342	0	0	0.16197114	0.0607589722465372	0.23713122	0.0291210916892343	3.875	4.250	45
A	45	C	0	0	0	0	0	0	0	0	3.875	4.250	45
A	45	T	0	0	0	0	0	0	0	0	3.875	4.250	45
A	47	A	3.21297666	1	0	0	0.26908176	1	0	0	4.250	4.625	46
A	47	G	0	0	0	0	0	0	0	0	4.250	4.625	46
A	47	C	0.03984018	0.0341218337868955	0	0	0.21780744	0.0481314136927554	0.35079708	0.0176881745994009	4.250	4.625	46
A	47	T	0	0	0	0	0	0	0	0	4.250	4.625	46
A	48	A	0	0	0	0	0	0	0	0	3.875	5.000	47
A	48	G	0	0	0	0	0	0	0	0	3.875	5.000	47
A	48	C	0.98343612	0.00286639868383114	0.5385138	0.00571472820195137	0	0	0.4004451	0.00570655003644694	3.875	5.000	47
A	48	T	3.13541466	0.772112706776717	3.49289208	0.696558360314413	0	0	0	0	3.875	5.000	47
A	49	A	3.3642726	0.952381070428122	1.31260758	0.967271756879539	0	0	3.77335794	0.967273080909997	4.250	5.375	48
A	49	G	0	0	0	0	0	0	0	0	4.250	5.375	48
A	49	C	0	0	0	0	0.05346774	0.708313835595071	0	0	4.250	5.375	48
A	49	T	1.57796136	0.0607281029999366	0.70178598	0.0194897025443569	0	0	0.985788	0.019492385786802	4.250	5.375	48
A	50	A	0	0	0	0	0.2979465	0.155381385584325	0	0	4.250	8.500	49
A	50	G	0.562116	0.08513353115727	0.10403316	0.0441718775052108	0	0	0.27927324	0.0441378486531685	4.250	8.500	49
A	50	C	0	0	0	0	0	0	0	0	4.250	8.500	49
A	50	T	0	0	0	0	0	0	0	0	4.250	8.500	49
A	51	A	0	0	0	0	0	0	0	0	3.875	8.875	50
A	51	G	0.07969704	0.0517999162829636	0	0	0.09696084	0.0547909857216584	0.21668154	0.0227089026596359	3.875	8.875	50
A	51	C	0	0	0	0	0	0	0	0	3.875	8.875	50
A	51	T	0	0	0	0	0	0	0	0	3.875	8.875	50
A	52	A	0	0	0	0	0	0	0	0	3.500	8.500	51
A	52	G	0	0	0.01831464	0.0473588342440801	0	0	0	0	3.500	8.500	51
A	52	C	0	0	0	0	0	0	0	0	3.500	8.500	51
A	52	T	0	0	0	0	0	0	0	0	3.500	8.500	51
A	53	A	2.66320386	0.254170463691052	0.02836434	0.431049691267274	0	0	0	0	3.125	8.875	52
A	53	G	0	0	0	0	0	0	0	0	3.125	8.875	52
A	53	C	0	0	0	0	0	0	0	0	3.125	8.875	52
A	53	T	0.03934812	0.0334887664264519	0.03918966	0.061502447329219	0	0	0	0	3.125	8.875	52
A	54	A	0	0	0	0	0	0	0	0	2.750	8.500	53
A	54	G	0	0	0	0	0	0	0	0	2.750	8.500	53
A	54	C	0	0	0	0	0	0	0	0	2.750	8.500	53
A	54	T	0	0	0.01574592	0.0466101694915254	0	0	0	0	2.750	8.500	53
A	55	A	0	0	0	0	0	0	0	0	2.250	8.000	54
A	55	G	0	0	0	0	0	0	0	0	2.250	8.000	54
A	55	C	0	0	0.0207666	0.0469879518072289	0	0	0	0	2.250	8.000	54
A	55	T	0	0	0	0	0	0	0	0	2.250	8.000	54
A	56	A	1.31011392	0.0392582501527806	0.50788932	0.0355512496305297	0	0	1.171353	0.0355428978284087	1.875	8.375	55
A	56	G	0.23533812	0.0502870508186264	0.0524586	0.0537360890302067	0	0	0.05136606	0.0537424906640689	1.875	8.375	55
A	56	C	0	0	0	0	0	0	0	0	1.875	8.375	55
A	56	T	0	0	0	0	0	0	0	0	1.875	8.375	55
A	57	A	0	0	0.01761408	0.0473484848484848	0	0	0	0	1.500	8.750	56
A	57	G	0	0	0	0	0	0	0	0	1.500	8.750	56
A	57	C	0	0	0	0	0	0	0	0	1.500	8.750	56
A	57	T	0	0	0	0	0	0	0	0	1.500	8.750	56
A	58	A	1.34037144	0.0335871972921178	0.69353772	0.410676062435364	0	0	0.72409548	0.410667803091382	1.125	9.125	57
A	58	G	0	0	0	0	0	0	0	0	1.125	9.125	57
A	58	C	0	0	0	0	0	0	0	0	1.125	9.125	57
A	58	T	0.72167688	0.0736837239402764	0	0	0.61673466	0.0300883041014753	1.36998678	0.0110612600217938	1.125	9.125	57
A	59	A	2.49893088	0.244109440914188	0	0	0	0	1.75622052	0.902482690499482	1.500	9.500	58
A	59	G	0	0	0	0	3.78563442	1	0	0	1.500	9.500	58
A	59	C	0.64244688	0.0681275314155156	0	0	0.56212434	0.0221064969362472	0.81626916	0.0171444918977461	1.500	9.500	58
A	59	T	0	0	0	0	0	0	0	0	1.500	9.500	58
A	60	A	0	0	0	0	0	0	0	0	1.875	9.875	59
A	60	G	0	0	0	0	0	0	0	0	1.875	9.875	59
A	60	C	0	0	0.01852314	0.0472760018009905	0	0	0	0	1.875	9.875	59
A	60	T	0	0	0	0	0	0	0	0	1.875	9.875	59
A	61	A	0	0	0	0	0	0	0	0	2.250	10.250	60
A	61	G	0	0	0	0	0	0	0	0	2.250	10.250	60
A	61	C	0.07969704	0.0517999162829636	0	0	0.0974529	0.0555412922550278	0.21413784	0.0225891883470946	2.250	10.250	60
A	61	T	0	0	0	0	0	0	0	0	2.250	10.250	60
A	62	A	0	0	0	0	0	0	0	0	2.750	9.750	61
A	62	G	0	0	0	0	0	0	0	0	2.750	9.750	61
A	62	C	0.56420934	0.0854976275295265	0.10230678	0.0431238281568436	0	0	0.27829746	0.0430938895381941	2.750	9.750	61
A	62	T	0	0	0	0	0.24270234	0.145905638981478	0	0	2.750	9.750	61
A	63	A	1.57796136	0.0607281029999366	0.65152914	0.0206858591159867	0	0	0.93234528	0.0206902103907256	3.125	10.125	62
A	63	G	0	0	0	0	0.05223342	0.713875139709405	0	0	3.125	10.125	62
A	63	C	0	0	0	0	0	0	0	0	3.125	10.125	62
A	63	T	3.18898248	0.917431192660551	1.38563262	0.958030130670567	0	0	3.54948732	0.958030817813994	3.125	10.125	62
A	64	A	3.14704062	0.776301667183438	2.32222296	0.701397767594202	0	0	0	0	3.500	9.750	63
A	64	G	0	0	0	0	0	0	0	0	3.500	9.750	63
A	64	C	0	0	0	0	0.04923102	0.690665763171269	0	0	3.500	9.750	63
A	64	T	0	0	0	0	0	0	0	0	3.500	9.750	63
A	65	A	0	0	0	0	0	0	0	0	3.875	10.125	64
A	65	G	0	0	0	0	0	0	0	0	3.875	10.125	64
A	65	C	0.79158276	0.122658406557515	0	0	0.07213266	0.00797780090183836	0.71350368	0.0419394052739854	3.875	10.125	64
A	65	T	0	0	0	0	0	0	0	0	3.875	10.125	64
A	66	A	0	0	0	0	0	0	0	0	4.250	9.750	65
A	66	G	0	0	0	0	0	0	0	0	4.250	9.750	65
A	66	C	0	0	0	0	0	0	0	0	4.250	9.750	65
A	66	T	2.40199506	0.635983597734793	1.20195246	0.177415885483524	0	0	1.35350694	0.177415876419518	4.250	9.750	65
A	67	A	0	0	0	0	0	0	0	0	4.625	10.125	66
A	67	G	0	0	0	0	0	0	0	0	4.625	10.125	66
A	67	C	1.64455626	0.271196669185401	0.2113356	0.07008681925809	0	0	1.83138894	0.0700802856219062	4.625	10.125	66
A	67	T	1.14941046	0.0633874864858982	0	0	0.32456778	0.0210190919135596	1.96810656	0.00940741745203065	4.625	10.125	66
A	68	A	0	0	0	0	0	0	0	0	5.000	9.750	67
A	68	G	0.76725498	0.068263095535724	0.02633772	0.272007599746675	0	0	1.34466654	0.271988637420843	5.000	9.750	67
A	68	C	1.45204404	0.0783201038447842	0	0	0.4987737	0.0669676448457487	2.50205838	0.00914645324942418	5.000	9.750	67
A	68	T	0	0	0	0	0	0	0	0	5.000	9.750	67
A	69	A	0	0	0	0	0	0	0	0	5.375	10.125	68
A	69	G	0	0	0	0	0	0	0	0	5.375	10.125	68
A	69	C	0	0	0	0	0	0	0	0	5.375	10.125	68
A	69	T	2.13981882	0.379619055785293	0	0	0.43483092	0.153554029690437	0.22272804	0.0310042687036621	5.375	10.125	68
A	70	A	0	0	0	0	0	0	0	0	5.750	9.750	69
A	70	G	0	0	0	0	0	0	0	0	5.750	9.750	69
A	70	C	1.39529868	0.153751897765717	0.22312002	0.0663850783089747	0	0	0.47065956	0.0663784243541128	5.750	9.750	69
A	70	T	0	0	0	0	0	0	0	0	5.750	9.750	69
A	71	A	0	0	0	0	0	0	0	0	6.125	10.125	70
A	71	G	0	0	0	0	0	0	0	0	6.125	10.125	70
A	71	C	0.39436524	0.0740599754684262	0.16395606	0.0748257795411771	0	0	0.17606574	0.0748424991710483	6.125	10.125	70
A	71	T	0	0	0	0	0	0	0	0	6.125	10.125	70
A	72	A	0.68657382	0.0817997400483462	0.01854816	0.0319244604316547	0	0	0.33466752	0.0317484051036683	6.500	9.750	71
A	72	G	0	0	0	0	0	0	0	0	6.500	9.750	71
A	72	C	0	0	0	0	0	0	0	0	6.500	9.750	71
A	72	T	0	0	0	0	0	0	0	0	6.500	9.750	71
