NA,7.250,8.125,-1
1,6.875,8.875,1
2,6.500,8.500,2
3,6.125,8.875,3
4,5.750,8.500,4
5,5.375,8.875,5
6,5.000,8.500,6
7,4.625,8.875,7
8,4.625,7.375,8
9,5.000,7.000,9
NA,5.000,3.500,NA
10,2.375,3.500,10
11,2.750,3.875,11
12,2.375,4.250,12
13,2.750,4.625,13
14,2.500,5.125,14
NA,2.875,5.500,14A
15,3.250,5.875,15
16,2.875,6.250,16
NA,2.500,6.625,17
NA,2.125,7.000,17A
17,1.750,7.375,18
18,1.375,7.000,19
19,1.000,6.625,20
NA,0.625,6.250,20A
NA,0.250,5.875,20B
NA,0.625,5.500,20C
20,1.000,5.125,21
21,1.500,4.625,22
22,1.125,4.250,23
23,1.500,3.875,24
24,1.125,3.500,25
25,1.500,3.125,26
26,1.125,2.750,27
27,1.500,2.375,28
28,1.125,2.000,29
29,1.500,1.625,30
30,1.125,1.250,31
31,0.625,0.750,32
32,1.000,0.375,33
33,1.375,0.000,34
34,1.750,-0.375,35
35,2.125,0.000,36
36,2.500,0.375,37
37,2.875,0.750,38
38,2.375,1.250,39
39,2.750,1.625,40
40,2.375,2.000,41
41,2.750,2.375,42
42,2.375,2.750,43
NA,4.250,2.750,NA
43,4.250,3.875,44
44,3.875,4.250,45
45,4.250,4.625,46
46,3.875,5.000,47
47,4.250,5.375,48
48,4.250,8.500,49
49,3.875,8.875,50
50,3.500,8.500,51
51,3.125,8.875,52
52,2.750,8.500,53
53,2.250,8.000,54
54,1.875,8.375,55
55,1.500,8.750,56
56,1.125,9.125,57
57,1.500,9.500,58
58,1.875,9.875,59
59,2.250,10.250,60
60,2.750,9.750,61
61,3.125,10.125,62
62,3.500,9.750,63
63,3.875,10.125,64
64,4.250,9.750,65
65,4.625,10.125,66
66,5.000,9.750,67
67,5.375,10.125,68
68,5.750,9.750,69
69,6.125,10.125,70
70,6.500,9.750,71
71,6.875,10.125,72
72,7.250,9.750,73
