1,6.875,8.875,1
2,6.500,8.500,2
3,6.125,8.875,3
4,5.750,8.500,4
5,5.375,8.875,5
6,5.000,8.500,6
7,4.625,8.875,7
8,4.625,7.375,8
9,5.000,7.000,9
NA,5.000,3.500,NA
10,2.375,3.500,10
11,2.750,3.875,11
12,2.375,4.250,12
13,2.750,4.625,13
14,2.500,5.125,14
NA,2.875,5.500,14A
15,3.250,5.875,15
16,2.875,6.250,16
17,2.500,6.625,17
NA,2.125,7.000,17A
18,1.750,7.375,18
19,1.375,7.000,19
20,1.000,6.625,20
NA,0.625,6.250,20A
NA,0.250,5.875,20B
NA,0.625,5.500,20C
21,1.000,5.125,21
22,1.500,4.625,22
23,1.125,4.250,23
24,1.500,3.875,24
25,1.125,3.500,25
26,1.500,3.125,26
27,1.125,2.750,27
28,1.500,2.375,28
29,1.125,2.000,29
30,1.500,1.625,30
31,1.125,1.250,31
32,0.625,0.750,32
33,1.000,0.375,33
34,1.375,0.000,34
35,1.750,-0.375,35
36,2.125,0.000,36
37,2.500,0.375,37
38,2.875,0.750,38
39,2.375,1.250,39
40,2.750,1.625,40
41,2.375,2.000,41
42,2.750,2.375,42
43,2.375,2.750,43
NA,4.250,2.750,NA
44,4.250,3.875,44
45,3.875,4.250,45
46,4.250,4.625,46
47,3.875,5.000,47
48,4.250,5.375,48
49,4.250,8.500,49
50,3.875,8.875,50
51,3.500,8.500,51
52,3.125,8.875,52
53,2.750,8.500,53
54,2.250,8.000,54
55,1.875,8.375,55
56,1.500,8.750,56
57,1.125,9.125,57
58,1.500,9.500,58
59,1.875,9.875,59
60,2.250,10.250,60
61,2.750,9.750,61
62,3.125,10.125,62
63,3.500,9.750,63
64,3.875,10.125,64
65,4.250,9.750,65
66,4.625,10.125,66
67,5.000,9.750,67
68,5.375,10.125,68
69,5.750,9.750,69
70,6.125,10.125,70
71,6.500,9.750,71
72,6.875,10.125,72
73,7.250,9.750,73

